7703
7702
7701
7711
7704
8697
8538
8596
8601
8617
8614
8741
8564
8762
8589
8539
8557
8691
9811
8759
8922
8539
8780
7420
7411
7414
7409
6462
6327
6422
6474
6327
6817
6140
6901
6445
6664
6327
5920
6459
6817
6447
6431
6439
6474
7074
8215
8242
8006
8005
42044
8507
8650
4586
8380
8646
4594
8358
8656
8669
7128
7256
7140
7153
7250
7655
4476
4486
4495
4494
7659
4490
7654
7250
7252
7259
4478
7315
7316
7310
3557
3558
3559
4790
4745
6234
6734
6032
7015
7017
7019
7021
7016
4730
2010
7298
7296